1 0.010 0.011 0.011 0.000 0.000 0.005 0.010 0.000 0.000 0.561 
2 0.011 0.012 0.013 0.000 0.010 0.015 0.020 0.000 0.000 0.693 
3 0.013 0.014 0.015 0.000 0.020 0.025 0.030 0.000 0.000 0.948 
4 0.015 0.016 0.017 0.000 0.030 0.035 0.040 0.000 0.000 1.196 
5 0.017 0.018 0.019 0.000 0.040 0.045 0.050 0.000 0.000 1.571 
6 0.019 0.020 0.021 0.000 0.050 0.055 0.060 0.000 0.000 1.925 
7 0.021 0.023 0.024 0.000 0.060 0.065 0.070 0.000 0.000 2.545 
8 0.024 0.026 0.028 0.000 0.070 0.075 0.080 0.000 0.000 2.976 
9 0.028 0.030 0.032 0.000 0.080 0.085 0.090 0.000 0.000 3.669 
10 0.032 0.034 0.036 0.000 0.090 0.095 0.100 0.000 0.000 4.540 
11 0.036 0.038 0.041 0.000 0.100 0.105 0.110 0.000 0.000 5.565 
12 0.041 0.043 0.046 0.000 0.110 0.115 0.120 0.000 0.000 6.651 
13 0.046 0.049 0.053 0.000 0.120 0.125 0.130 0.000 0.000 7.712 
14 0.053 0.056 0.060 0.000 0.130 0.135 0.140 0.000 0.000 9.048 
15 0.060 0.064 0.068 0.000 0.140 0.145 0.150 0.000 0.000 10.349 
16 0.068 0.073 0.077 0.000 0.150 0.155 0.160 0.000 0.000 11.692 
17 0.077 0.082 0.088 0.000 0.160 0.165 0.170 0.000 0.000 13.323 
18 0.088 0.094 0.100 0.000 0.170 0.175 0.180 0.000 0.000 14.693 
19 0.100 0.106 0.113 0.000 0.180 0.185 0.190 0.000 0.000 16.355 
20 0.113 0.120 0.128 0.000 0.190 0.195 0.200 0.000 0.000 18.264 
21 0.128 0.137 0.146 0.000 0.200 0.205 0.210 0.000 0.000 19.651 
22 0.146 0.156 0.166 0.000 0.210 0.215 0.220 0.000 0.000 21.230 
23 0.166 0.177 0.188 0.000 0.220 0.225 0.230 0.000 0.000 22.992 
24 0.188 0.201 0.214 0.000 0.230 0.235 0.240 0.000 0.000 24.747 
25 0.214 0.228 0.243 0.000 0.240 0.245 0.250 0.000 0.000 26.649 
26 0.243 0.260 0.276 0.000 0.250 0.255 0.260 0.000 0.000 28.749 
27 0.276 0.295 0.314 0.000 0.260 0.265 0.270 0.000 0.000 30.501 
28 0.314 0.336 0.357 0.000 0.270 0.275 0.280 0.000 0.000 32.715 
29 0.357 0.381 0.405 0.000 0.280 0.285 0.290 0.000 0.000 34.977 
30 0.405 0.432 0.460 0.000 0.290 0.295 0.300 0.000 0.000 36.784 
31 0.460 0.492 0.523 0.000 0.300 0.305 0.310 0.000 0.000 38.621 
32 0.523 0.558 0.594 0.000 0.310 0.315 0.320 0.000 0.000 40.774 
33 0.594 0.635 0.675 0.000 0.320 0.325 0.330 0.000 0.000 42.932 
34 0.675 0.721 0.767 0.000 0.330 0.335 0.340 0.000 0.000 44.935 
35 0.767 0.820 0.872 0.000 0.340 0.345 0.350 0.000 0.000 46.942 
36 0.872 0.931 0.991 0.000 0.350 0.355 0.360 0.000 0.000 49.298 
37 0.991 1.060 1.130 0.000 0.360 0.365 0.370 0.000 0.000 51.379 
38 1.130 1.205 1.280 0.000 0.370 0.375 0.380 0.000 0.000 53.376 
39 1.280 1.365 1.450 0.000 0.380 0.385 0.390 0.000 0.000 55.494 
40 1.450 1.550 1.650 0.000 0.390 0.395 0.400 0.000 0.000 57.652 
41 1.650 1.765 1.880 0.000 0.400 0.405 0.410 0.000 0.000 59.630 
42 1.880 2.005 2.130 0.000 0.410 0.415 0.420 0.000 0.000 61.551 
43 2.130 2.275 2.420 0.000 0.420 0.425 0.430 0.073 0.000 63.585 
44 2.420 2.585 2.750 0.000 0.430 0.435 0.440 0.132 0.000 65.603 
45 2.750 2.935 3.120 9.847 0.440 0.445 0.450 0.197 0.000 67.597 
46 3.120 3.335 3.550 17.655 0.450 0.455 0.460 0.229 0.000 69.443 
47 3.550 3.790 4.030 26.238 0.460 0.465 0.470 0.280 0.000 71.201 
48 4.030 4.305 4.580 32.552 0.470 0.475 0.480 0.419 0.000 73.235 
49 4.580 4.895 5.210 43.197 0.480 0.485 0.490 0.451 0.000 74.994 
50 5.210 5.565 5.920 51.234 0.490 0.495 0.500 0.686 0.000 76.764 
51 5.920 6.320 6.720 59.631 0.500 0.505 0.510 0.938 0.000 78.339 
52 6.720 7.180 7.640 66.709 0.510 0.515 0.520 1.072 0.000 79.899 
53 7.640 8.160 8.680 73.325 0.520 0.525 0.530 1.419 0.000 81.594 
54 8.680 9.270 9.860 79.086 0.530 0.535 0.540 1.700 0.000 82.815 
55 9.860 10.530 11.200 83.929 0.540 0.545 0.550 1.939 0.000 84.483 
56 11.200 11.950 12.700 88.035 0.550 0.555 0.560 2.373 0.000 85.793 
57 12.700 13.600 14.500 91.354 0.560 0.565 0.570 2.810 0.000 87.218 
58 14.500 15.450 16.400 93.582 0.570 0.575 0.580 3.256 0.000 88.332 
59 16.400 17.550 18.700 95.527 0.580 0.585 0.590 3.833 0.000 89.565 
60 18.700 19.950 21.200 96.739 0.590 0.595 0.600 4.507 0.000 90.690 
61 21.200 22.650 24.100 97.755 0.600 0.605 0.610 5.217 0.000 91.679 
62 24.100 25.750 27.400 98.439 0.610 0.615 0.620 5.859 0.000 92.697 
63 27.400 29.250 31.100 98.955 0.620 0.625 0.630 6.541 0.000 93.692 
64 31.100 33.200 35.300 99.091 0.630 0.635 0.640 7.453 0.000 94.364 
65 35.300 37.700 40.100 99.393 0.640 0.645 0.650 8.398 0.000 95.119 
66 40.100 42.850 45.600 99.674 0.650 0.655 0.660 9.406 0.000 95.961 
67 45.600 48.700 51.800 99.881 0.660 0.665 0.670 10.353 0.000 96.544 
68 51.800 55.350 58.900 99.885 0.670 0.675 0.680 11.521 0.000 97.031 
69 58.900 62.900 66.900 100.000 0.680 0.685 0.690 12.656 0.000 97.427 
70 66.900 71.450 76.000 100.000 0.690 0.695 0.700 13.890 0.000 97.990 
71 76.000 81.200 86.400 100.000 0.700 0.705 0.710 15.125 0.000 98.411 
72 86.400 92.250 98.100 100.000 0.710 0.715 0.720 16.558 0.000 98.632 
73 98.100 104.550 111.000 100.000 0.720 0.725 0.730 18.001 0.000 98.919 
74 111.000 119.000 127.000 100.000 0.730 0.735 0.740 19.470 0.000 99.120 
75 127.000 135.500 144.000 100.000 0.740 0.745 0.750 21.186 0.067 99.221 
76 144.000 153.500 163.000 100.000 0.750 0.755 0.760 22.960 0.219 99.386 
77 163.000 174.500 186.000 100.000 0.760 0.765 0.770 24.706 0.271 99.629 
78 186.000 198.500 211.000 100.000 0.770 0.775 0.780 26.517 0.298 99.734 
79 211.000 225.500 240.000 100.000 0.780 0.785 0.790 28.576 0.450 99.860 
80 240.000 256.000 272.000 100.000 0.790 0.795 0.800 30.685 0.540 99.992 
81 272.000 291.000 310.000 100.000 0.800 0.805 0.810 32.822 0.567 100.000 
82 310.000 331.000 352.000 100.000 0.810 0.815 0.820 35.295 0.852 100.000 
83 352.000 376.000 400.000 100.000 0.820 0.825 0.830 37.758 1.207 100.000 
84 400.000 427.000 454.000 100.000 0.830 0.835 0.840 40.665 1.592 100.000 
85 454.000 485.000 516.000 100.000 0.840 0.845 0.850 43.518 1.856 100.000 
86 516.000 551.000 586.000 100.000 0.850 0.855 0.860 46.680 2.412 100.000 
87 586.000 626.000 666.000 100.000 0.860 0.865 0.870 49.711 3.062 100.000 
88 666.000 711.000 756.000 100.000 0.870 0.875 0.880 53.582 3.991 100.000 
89 756.000 807.500 859.000 100.000 0.880 0.885 0.890 57.248 5.086 100.000 
90 859.000 917.500 976.000 100.000 0.890 0.895 0.900 61.018 6.527 100.000 
91 976.000 1043.000 1110.000 100.000 0.900 0.905 0.910 65.456 8.281 100.000 
92 1110.000 1185.000 1260.000 100.000 0.910 0.915 0.920 69.845 10.545 100.000 
93 1260.000 1345.000 1430.000 100.000 0.920 0.925 0.930 74.961 13.225 100.000 
94 1430.000 1530.000 1630.000 100.000 0.930 0.935 0.940 80.552 16.872 100.000 
95 1630.000 1740.000 1850.000 100.000 0.940 0.945 0.950 85.270 22.076 100.000 
96 1850.000 1975.000 2100.000 100.000 0.950 0.955 0.960 89.820 28.279 100.000 
97 2100.000 2245.000 2390.000 100.000 0.960 0.965 0.970 94.477 36.909 100.000 
98 2390.000 2550.000 2710.000 100.000 0.970 0.975 0.980 97.054 50.302 100.000 
99 2710.000 2895.000 3080.000 100.000 0.980 0.985 0.990 98.855 69.143 100.000 
100 3080.000 3290.000 3500.000 100.000 0.990 0.995 1.000 100.000 100.000 100.000 
